1753022807486 0.6563930866264162 1
1753022817998 0.7622767857142857 2
1753022831623 0.7584420790274938 3
1753022842609 0.7932119965553284 4
1753022853644 0.8077495424520402 5
1753022870640 0.807720925126757 6
1753022886700 0.8148466121582758 7
1753022905623 0.8063186818645114 8
1753022919426 0.8200549454916091 9
1753022936104 0.825206044174376 10
1753022950502 0.8274095711253938 11
1753022969693 0.8252632788249424 12
1753022985510 0.814474588348752 13
1753023004934 0.824147207396371 14
1753023027650 0.8200549454916091 15
1753023051213 0.8333905679838998 16
1753023076025 0.8218864472139449 17
