1753022807490 0.6394415497779846 1
1753022818003 0.7485672235488892 2
1753022831628 0.7605226039886475 3
1753022842613 0.7903487086296082 4
1753022853649 0.8054100871086121 5
1753022870648 0.805445671081543 6
1753022886708 0.8149632215499878 7
1753022905629 0.8084244728088379 8
1753022919433 0.8216092586517334 9
1753022936110 0.8230676651000977 10
1753022950509 0.8248902559280396 11
1753022969699 0.8261313438415527 12
1753022985517 0.8158198595046997 13
1753023004949 0.8256120681762695 14
1753023027659 0.8214465379714966 15
1753023051220 0.8318079710006714 16
1753023076031 0.8212986588478088 17
