1753022807482 0.6436979217188699 1
1753022817994 0.5797070818287986 2
1753022831618 0.5420352582420621 3
1753022842604 0.5119948089122772 4
1753022853639 0.4810554569675809 5
1753022870632 0.4707127461830775 6
1753022886692 0.45736731588840485 7
1753022905616 0.4554701113984698 8
1753022919419 0.4428734878698985 9
1753022936096 0.4250056466885975 10
1753022950496 0.42109692380541847 11
1753022969686 0.41639806897867293 12
1753022985503 0.41590974089645205 13
1753023004919 0.4085986153000877 14
1753023027640 0.40583582861082895 15
1753023051206 0.4009989265884672 16
1753023076018 0.4020608805474781 17
