1753091359832 0.7186737060546875 1
1753091367655 0.8196345567703247 2
1753091377744 0.8367437124252319 3
1753091388415 0.8620671629905701 4
1753091399709 0.877112627029419 5
1753091417158 0.8767805099487305 6
1753091431957 0.8867577314376831 7
1753091451388 0.8965016603469849 8
1753091468614 0.8923441171646118 9
1753091487570 0.9062818288803101 10
1753091505804 0.911444365978241 11
1753091522877 0.913210391998291 12
1753091539979 0.9157718420028687 13
1753091554804 0.9301780462265015 14
1753091580324 0.9372930526733398 15
1753091604693 0.9357180595397949 16
1753091628366 0.932198703289032 17
1753091651736 0.93082594871521 18
1753091675619 0.9410834312438965 19
1753091700624 0.9391305446624756 20
