1753091359828 0.728537088348752 1
1753091367650 0.823317309220632 2
1753091377739 0.8396863568396795 3
1753091388408 0.8602335169201806 4
1753091399701 0.8791208806492034 5
1753091417146 0.8791208806492034 6
1753091431941 0.8884214758872986 7
1753091451373 0.8966346156029474 8
1753091468602 0.8954613095238095 9
1753091487559 0.9077667139825367 10
1753091505796 0.911143544174376 11
1753091522870 0.9140911187444415 12
1753091539971 0.9181547619047619 13
1753091554797 0.9322916666666666 14
1753091580317 0.9375286187444415 15
1753091604682 0.9360405235063463 16
1753091628358 0.932692309220632 17
1753091651727 0.9326636904761905 18
1753091675608 0.9427083333333334 19
1753091700577 0.9393887377920604 20
