1753091359823 0.5344155324356896 1
1753091367644 0.38550115483147757 2
1753091377733 0.3382165591631617 3
1753091388399 0.3058349121184576 4
1753091399691 0.27731237560510635 5
1753091417134 0.2573501691222191 6
1753091431925 0.2547271531962213 7
1753091451359 0.2347725374358041 8
1753091468587 0.24114214061271577 9
1753091487546 0.2138504194361823 10
1753091505787 0.2025866817150797 11
1753091522862 0.19981661066412926 12
1753091539962 0.19110411352344922 13
1753091554790 0.17036932848748707 14
1753091580309 0.15965193793887184 15
1753091604673 0.16341939444343248 16
1753091628349 0.1605989049587931 17
1753091651719 0.15422897927817844 18
1753091675597 0.14258032629177683 19
1753091700535 0.1394255313844908 20
