1753023938182 0.6861263740630377 1
1753023960306 0.8040293043568021 2
1753023979790 0.8281822346505665 3
1753024002555 0.8370821901730129 4
1753024025908 0.8523065476190477 5
1753024047440 0.8553685900710878 6
1753024070695 0.8620650186425164 7
1753024094877 0.8609203298886617 8
1753024115105 0.870220925126757 9
1753024138805 0.8738839285714286 10
1753024159007 0.8750572346505665 11
1753024182382 0.8925137377920604 12
1753024206357 0.8754864931106567 13
1753024226945 0.8921130952380952 14
1753024250219 0.8958905679838998 15
1753024273622 0.8944024727458045 16
1753024293858 0.8966632329282307 17
1753024316982 0.9003548536981855 18
1753024340826 0.895919185309183 19
1753024361419 0.9073946901730129 20
