1753023938178 0.5940425750755128 1
1753023960302 0.4409387828338714 2
1753023979785 0.36790154093787786 3
1753024002549 0.3528128532426698 4
1753024025894 0.33425215702681316 5
1753024047434 0.3259392561657088 6
1753024070689 0.3101299195772126 7
1753024094871 0.31083558535292033 8
1753024115099 0.2824888743814968 9
1753024138799 0.2790996254909606 10
1753024159001 0.2730212598329499 11
1753024182371 0.24763497142564683 12
1753024206350 0.2626112603715488 13
1753024226938 0.24745177637253488 14
1753024250213 0.23287067846173332 15
1753024273616 0.2440716131102471 16
1753024293851 0.22697039285585993 17
1753024316975 0.23907644017821267 18
1753024340818 0.22532545225251288 19
1753024361412 0.21565291835438638 20
