1753023938186 0.6784214377403259 1
1753023960310 0.8036395311355591 2
1753023979795 0.8267463445663452 3
1753024002560 0.834212064743042 4
1753024025921 0.8484141826629639 5
1753024047446 0.8561567068099976 6
1753024070700 0.8629409074783325 7
1753024094884 0.86013263463974 8
1753024115112 0.8696243762969971 9
1753024138812 0.8703711032867432 10
1753024159014 0.8744421005249023 11
1753024182397 0.8910350203514099 12
1753024206363 0.8777667284011841 13
1753024226952 0.88935786485672 14
1753024250225 0.8960686922073364 15
1753024273629 0.8943632245063782 16
1753024293864 0.8983880281448364 17
1753024316989 0.9004724025726318 18
1753024340833 0.8977634906768799 19
1753024361426 0.9062891006469727 20
