1752944394285 0.24635811575821467 1
1752944404092 0.2611263621421087 2
1752944413931 0.2683196096193223 3
1752944420995 0.26854940432877766 4
1752944431151 0.2511432816584905 5
1752944441934 0.2718575873545238 6
1752944449851 0.25121686110893887 7
1752944460646 0.2546934159029098 8
1752944471564 0.2572509350166434 9
1752944479494 0.2671710391129766 10
1752944492164 0.25784753617786227 11
1752944509000 0.25511283782266436 12
1752944524982 0.2570999481138729 13
1752944540578 0.2618767828458831 14
1752944562614 0.24449071607419423 15
1752944578124 0.259326971357777 16
1752944593668 0.25490508547851015 17
