1752944394290 0.8902529761904762 1
1752944404097 0.8832131425539652 2
1752944413936 0.8798649282682509 3
1752944421001 0.8832703757853735 4
1752944431158 0.8865327380952381 5
1752944441940 0.8743418043568021 6
1752944449858 0.8906536187444415 7
1752944460653 0.8847012377920604 8
1752944471571 0.8772607616015843 9
1752944479501 0.8824690949349177 10
1752944492177 0.8839858060791379 11
1752944509011 0.8888221156029474 12
1752944524996 0.8813244047619048 13
1752944540600 0.8798649282682509 14
1752944562626 0.8880494520777747 15
1752944578134 0.8865327380952381 16
1752944593675 0.8784054489362807 17
