1752944394294 0.887317419052124 1
1752944404102 0.8814685344696045 2
1752944413941 0.8782864212989807 3
1752944421006 0.8848199844360352 4
1752944431165 0.8834975957870483 5
1752944441947 0.8754842281341553 6
1752944449864 0.8890531659126282 7
1752944460660 0.8831232190132141 8
1752944471579 0.8754842281341553 9
1752944479508 0.8808468580245972 10
1752944492191 0.8838568329811096 11
1752944509021 0.8888596296310425 12
1752944525009 0.8782120943069458 13
1752944540620 0.8780524730682373 14
1752944562638 0.8865237236022949 15
1752944578143 0.8834360241889954 16
1752944593683 0.8779497146606445 17
