1753026135940 0.7113953757853735 1
1753026156298 0.8144173536981855 2
1753026179862 0.8452667139825367 3
1753026203687 0.8690476190476191 4
1753026224781 0.8761733060791379 5
1753026248813 0.8832417584600902 6
1753026269921 0.8973214285714286 7
1753026294210 0.89735004731587 8
1753026318150 0.909283425126757 9
1753026339134 0.9014995424520402 10
1753026363145 0.907022666363489 11
1753026387156 0.9166952854111081 12
1753026408038 0.928628663221995 13
1753026431755 0.9315476190476191 14
1753026456213 0.9278559996968224 15
1753026477153 0.9356684996968224 16
1753026501498 0.9323202854111081 17
1753026525393 0.9327781597773234 18
1753026546408 0.9382440476190477 19
1753026570364 0.9505208333333334 20
