1753026135944 0.7067546844482422 1
1753026156302 0.8124985098838806 2
1753026179867 0.8424237966537476 3
1753026203693 0.865068793296814 4
1753026224788 0.875636100769043 5
1753026248819 0.8828980922698975 6
1753026269927 0.894378662109375 7
1753026294217 0.8958941698074341 8
1753026318156 0.9097755551338196 9
1753026339141 0.9031158089637756 10
1753026363151 0.905640721321106 11
1753026387161 0.9159039855003357 12
1753026408044 0.9295009970664978 13
1753026431762 0.9295227527618408 14
1753026456220 0.9273210763931274 15
1753026477160 0.9353118538856506 16
1753026501504 0.9319493770599365 17
1753026525400 0.9368429183959961 18
1753026546414 0.9365543723106384 19
1753026570370 0.9491704702377319 20
