1753026135937 0.5413704918963569 1
1753026156294 0.3969594594978151 2
1753026179857 0.33841084795338766 3
1753026203681 0.2963666273724465 4
1753026224775 0.2907197124191693 5
1753026248807 0.2728912202375276 6
1753026269915 0.25045231623309 7
1753026294203 0.23235843366100675 8
1753026318143 0.2226155684107826 9
1753026339127 0.22448024508498965 10
1753026363139 0.20923663214558647 11
1753026387150 0.20118911830442293 12
1753026408032 0.181223385568176 13
1753026431748 0.1713913031631992 14
1753026456207 0.16940024956351235 15
1753026477146 0.1485617398506119 16
1753026501492 0.15653447975360213 17
1753026525387 0.15713517970982052 18
1753026546402 0.1532413414901211 19
1753026570358 0.13324950493517376 20
