1752954351780 0.6873551607131958 1
1752954372542 0.7878329753875732 2
1752954393734 0.8115617632865906 3
1752954415095 0.8164926767349243 4
1752954438880 0.829089879989624 5
1752954459779 0.8283793926239014 6
1752954480743 0.8422399759292603 7
1752954502256 0.8500518798828125 8
1752954526203 0.8518784642219543 9
1752954547467 0.8429341316223145 10
1752954568853 0.8614480495452881 11
1752954590991 0.8655534982681274 12
1752954615604 0.8612134456634521 13
1752954637018 0.8598332405090332 14
1752954658377 0.8660205602645874 15
