1752954351769 0.5695902329115641 1
1752954372530 0.4555950317354429 2
1752954393721 0.41091754464876085 3
1752954415083 0.3884761127687636 4
1752954438865 0.3675848472686041 5
1752954459765 0.3575541107427506 6
1752954480729 0.3465671173873402 7
1752954502240 0.3297995903662273 8
1752954526188 0.320690828419867 9
1752954547449 0.32597584277391434 10
1752954568832 0.30720811940374826 11
1752954590963 0.30178756408748175 12
1752954615585 0.3012927987036251 13
1752954637004 0.29887959432034267 14
1752954658363 0.28597284179358257 15
