1752954351774 0.7002632788249424 1
1752954372536 0.7946428571428571 2
1752954393728 0.8133298995948973 3
1752954415089 0.8214285714285714 4
1752954438872 0.8326179044587272 5
1752954459772 0.8315018330301557 6
1752954480736 0.8423477567377544 7
1752954502248 0.8483287550154186 8
1752954526196 0.8556547619047619 9
1752954547459 0.8416323264439901 10
1752954568842 0.8634958806492034 11
1752954590979 0.866128663221995 12
1752954615595 0.8609489472139449 13
1752954637011 0.8620077854111081 14
1752954658370 0.8697916666666666 15
