1752954770853 0.6548763740630377 1
1752954793922 0.7259901563326517 2
1752954814311 0.7601877294835591 3
1752954835087 0.7760702854111081 4
1752954856383 0.7998511904761905 5
1752954880507 0.7929544420469374 6
1752954901465 0.81141254731587 7
1752954922526 0.8119276563326517 8
1752954946211 0.8159054489362807 9
1752954967057 0.81922504731587 10
1752954988107 0.8144459710234687 11
1752955009558 0.8293269234044212 12
1752955033220 0.8337053571428571 13
1752955054636 0.8359661187444415 14
1752955075540 0.8329899282682509 15
1752955096976 0.8274668043568021 16
1752955120621 0.8274381870315188 17
1752955141555 0.8378262377920604 18
1752955162512 0.8456387377920604 19
1752955183479 0.8411744520777747 20
