1752954770848 0.6444865394206274 1
1752954793917 0.5666992252781278 2
1752954814305 0.5252352513018108 3
1752954835080 0.49459123114744824 4
1752954856373 0.46799214610031675 5
1752954880498 0.45901980854216073 6
1752954901458 0.43387870206719353 7
1752954922519 0.4358579452548708 8
1752954946203 0.4217395633459091 9
1752954967050 0.41105099731967565 10
1752954988097 0.4110174697069895 11
1752955009551 0.3980402123360407 12
1752955033210 0.3902947022801354 13
1752955054629 0.3941720199017298 14
1752955075530 0.38544104070890517 15
1752955096968 0.3831829982144492 16
1752955120612 0.37810653164273217 17
1752955141548 0.37509365166936603 18
1752955162504 0.36640227621509913 19
1752955183471 0.3683989739843777 20
