1752954770857 0.6172304749488831 1
1752954793928 0.7141180038452148 2
1752954814317 0.7574063539505005 3
1752954835094 0.7688469886779785 4
1752954856391 0.7928727269172668 5
1752954880515 0.7952971458435059 6
1752954901471 0.8069177865982056 7
1752954922532 0.8149632215499878 8
1752954946218 0.8132749199867249 9
1752954967064 0.8151472806930542 10
1752954988116 0.8137518763542175 11
1752955009565 0.8288251161575317 12
1752955033231 0.8287991881370544 13
1752955054644 0.8327783942222595 14
1752955075549 0.8298617601394653 15
1752955096984 0.8272444009780884 16
1752955120629 0.8255456686019897 17
1752955141563 0.8348660469055176 18
1752955162520 0.8425631523132324 19
1752955183487 0.8382506370544434 20
