1752955263412 0.7079399824142456 1
1752955284272 0.8210750818252563 2
1752955305564 0.8368792533874512 3
1752955329843 0.8585410118103027 4
1752955351994 0.8691022396087646 5
1752955373292 0.878456175327301 6
1752955395069 0.8863832950592041 7
1752955419010 0.8861245512962341 8
1752955440235 0.9004276990890503 9
1752955461448 0.9028258323669434 10
1752955483165 0.9076970815658569 11
1752955507395 0.91612309217453 12
1752955529278 0.9245831370353699 13
1752955550930 0.9123712778091431 14
1752955572873 0.9238287210464478 15
1752955594846 0.933025062084198 16
1752955619802 0.9349339008331299 17
1752955640461 0.9437734484672546 18
1752955664868 0.941519021987915 19
1752955687004 0.9475526809692383 20
