1752955263403 0.5514813562234243 1
1752955284260 0.39607955799216316 2
1752955305549 0.3472285114583515 3
1752955329827 0.3043833779437201 4
1752955351979 0.2870755124659765 5
1752955373275 0.2748209089040756 6
1752955395055 0.2641438533152853 7
1752955418997 0.2448864174740655 8
1752955440223 0.2334444182259696 9
1752955461435 0.22858602110119092 10
1752955483150 0.20746010967663356 11
1752955507381 0.19962197879240626 12
1752955529263 0.18633085666667848 13
1752955550914 0.19806178676940145 14
1752955572856 0.17530610554275058 15
1752955594828 0.1600325261907918 16
1752955619786 0.15362026932693662 17
1752955640444 0.14204509352289496 18
1752955664851 0.1415355649022829 19
1752955686988 0.1430136179994969 20
