1752955263408 0.7132841121582758 1
1752955284266 0.8222584710234687 2
1752955305555 0.8385989013172331 3
1752955329835 0.8612637377920604 4
1752955351986 0.8713083806492034 5
1752955373283 0.8820684523809523 6
1752955395062 0.8836710169201806 7
1752955419004 0.8895089285714286 8
1752955440229 0.9003548536981855 9
1752955461441 0.9025869965553284 10
1752955483159 0.9088827854111081 11
1752955507388 0.9185267857142857 12
1752955529270 0.9237923536981855 13
1752955550922 0.9118875917934236 14
1752955572864 0.9245077854111081 15
1752955594837 0.9348958333333334 16
1752955619794 0.9367559523809523 17
1752955640452 0.9453125 18
1752955664860 0.9401614013172331 19
1752955686997 0.9475732616015843 20
