1753025091145 0.176896443856614 1
1753025114931 0.18337122528325944 2
1753025135621 0.16724334834587007 3
1753025159367 0.1675653129461266 4
1753025183230 0.15561911215384802 5
1753025203992 0.15196380099015577 6
1753025227817 0.13917249795936404 7
1753025248760 0.13710756883734748 8
1753025272547 0.12507187885542712 9
1753025296590 0.12493261730387098 10
1753025317273 0.13290134923798697 11
1753025340950 0.10685258238975491 12
1753025364686 0.1145676840983686 13
1753025385418 0.1246660751778455 14
1753025409094 0.10934923269918986 15
1753025432878 0.09395231785518783 16
1753025453698 0.10153750959961187 17
1753025477283 0.10897206435246128 18
1753025500965 0.10305850500507015 19
1753025522008 0.08912522718310356 20
1753025545575 0.08884714428512823 21
1753025566365 0.10537017496036631 22
1753025590397 0.09586398804649002 23
1753025614492 0.08787251442360382 24
1753025635404 0.09017189702994767 25
1753025659851 0.07752288603002117 26
1753025684089 0.08282757550477982 27
1753025705429 0.07113699544043768 28
1753025729598 0.0776587263459251 29
1753025754063 0.07325210998810473 30
