1753025091150 0.9296875 1
1753025114936 0.9252804489362807 2
1753025135627 0.9215602108410427 3
1753025159373 0.9312042139825367 4
1753025183236 0.9338369965553284 5
1753025203998 0.9415922619047619 6
1753025227823 0.9423363095238095 7
1753025248766 0.9456845238095238 8
1753025272556 0.95203754731587 9
1753025296596 0.9468292139825367 10
1753025317279 0.9464571901730129 11
1753025340956 0.9587053571428571 12
1753025364692 0.9535542584600902 13
1753025385424 0.9431089758872986 14
1753025409099 0.9590773809523809 15
1753025432884 0.9639136904761905 16
1753025453704 0.9591059996968224 17
1753025477289 0.9557577854111081 18
1753025500972 0.9605654761904762 19
1753025522014 0.9639136904761905 20
1753025545581 0.9631696428571429 21
1753025566372 0.9580471614996592 22
1753025590403 0.9587339758872986 23
1753025614498 0.9639136904761905 24
1753025635412 0.9620821901730129 25
1753025659858 0.9683779761904762 26
1753025684097 0.9661458333333334 27
1753025705436 0.9724702380952381 28
1753025729607 0.9702380952380952 29
1753025754071 0.9698660714285714 30
