1753025091155 0.9276776313781738 1
1753025114942 0.9262198209762573 2
1753025135632 0.9222745895385742 3
1753025159378 0.9307976961135864 4
1753025183240 0.9349898099899292 5
1753025204004 0.9399399757385254 6
1753025227829 0.9406706094741821 7
1753025248771 0.9441598653793335 8
1753025272564 0.9521883130073547 9
1753025296602 0.9467711448669434 10
1753025317285 0.9464621543884277 11
1753025340961 0.9575492143630981 12
1753025364698 0.9552608132362366 13
1753025385430 0.9430084228515625 14
1753025409105 0.9578921794891357 15
1753025432890 0.9629238247871399 16
1753025453710 0.9594641923904419 17
1753025477295 0.9560132026672363 18
1753025500979 0.9594585299491882 19
1753025522021 0.9629238247871399 20
1753025545587 0.9620944857597351 21
1753025566378 0.9613843560218811 22
1753025590410 0.9591015577316284 23
1753025614504 0.9628928303718567 24
1753025635419 0.9625182747840881 25
1753025659865 0.967469334602356 26
1753025684105 0.9652265310287476 27
1753025705442 0.971701443195343 28
1753025729614 0.9694195985794067 29
1753025754077 0.9690002202987671 30
