1752956686128 0.6147546172142029 1
1752956721069 0.737109899520874 2
1752956759211 0.7787198424339294 3
1752956797155 0.7885792851448059 4
1752956834921 0.8163405060768127 5
1752956869965 0.8164091110229492 6
1752956907660 0.8247804641723633 7
1752956945539 0.8357760906219482 8
1752956980694 0.8307182788848877 9
1752957018320 0.8429473638534546 10
1752957056268 0.834631085395813 11
1752957094094 0.8497357368469238 12
1752957129173 0.8491199016571045 13
1752957166926 0.8524539470672607 14
1752957205069 0.8646633625030518 15
1752957242976 0.8481500148773193 16
1752957277942 0.865567147731781 17
1752957315715 0.8695847392082214 18
1752957353540 0.8722198605537415 19
1752957391327 0.8660006523132324 20
