1752956686118 0.619354818548475 1
1752956721057 0.48637119290374575 2
1752956759195 0.4560585341283253 3
1752956797141 0.42508855036326815 4
1752956834909 0.3951226593483062 5
1752956869950 0.4083032182284764 6
1752956907646 0.3823445034878595 7
1752956945526 0.3599726195846285 8
1752956980681 0.3647101308618273 9
1752957018306 0.3563133499452046 10
1752957056253 0.3519224329363732 11
1752957094080 0.3380333898322923 12
1752957129159 0.3277158882646334 13
1752957166910 0.3272691177470343 14
1752957205055 0.32713572148765835 15
1752957242960 0.3296330425710905 16
1752957277928 0.2989072302977244 17
1752957315701 0.30072114723069326 18
1752957353526 0.299266843568711 19
1752957391313 0.3098706840759232 20
