1752956686123 0.6265453298886617 1
1752956721063 0.7419299454916091 2
1752956759204 0.7809924454916091 3
1752956797148 0.7954155235063463 4
1752956834915 0.8207131425539652 5
1752956869957 0.8137877753802708 6
1752956907653 0.8266941394124713 7
1752956945533 0.8393143330301557 8
1752956980688 0.8322744965553284 9
1752957018313 0.8463827854111081 10
1752957056261 0.8392857142857143 11
1752957094087 0.8497882329282307 12
1752957129166 0.8501316394124713 13
1752957166917 0.8523923995948973 14
1752957205062 0.8639251376901355 15
1752957242968 0.8493875917934236 16
1752957277935 0.8650412091187069 17
1752957315708 0.8735119047619048 18
1752957353533 0.8757440476190477 19
1752957391320 0.8639537550154186 20
