1753024534704 0.7199233060791379 1
1753024557663 0.8007955593722207 2
1753024578118 0.8501316394124713 3
1753024601794 0.864268544174376 4
1753024625586 0.8721096614996592 5
1753024646472 0.8784054489362807 6
1753024670724 0.8794929044587272 7
1753024694592 0.8917410714285714 8
1753024715349 0.8911114931106567 9
1753024738898 0.9063072346505665 10
1753024762809 0.9052197805472783 11
1753024783829 0.9056204216820853 12
1753024807910 0.9133184523809523 13
1753024831809 0.9114869520777747 14
1753024852681 0.9226190476190477 15
1753024876663 0.9185267857142857 16
1753024897653 0.921875 17
1753024921479 0.9237923536981855 18
1753024945298 0.9178113568396795 19
1753024966212 0.9241643775077093 20
