1753024534700 0.5400484963541939 1
1753024557659 0.3989407547882625 2
1753024578113 0.3395777734972182 3
1753024601789 0.29559845938569024 4
1753024625580 0.29134477994271685 5
1753024646465 0.27005279312531155 6
1753024670717 0.259275659209206 7
1753024694586 0.24918991575638452 8
1753024715344 0.23489172259966531 9
1753024738892 0.22020442801572027 10
1753024762803 0.21923422334449633 11
1753024783822 0.21128764890489124 12
1753024807903 0.20493665035991443 13
1753024831803 0.2043952416805994 14
1753024852674 0.18918491225867046 15
1753024876657 0.19239382232938493 16
1753024897647 0.18421993830374309 17
1753024921472 0.18779586326508296 18
1753024945292 0.18915210451398576 19
1753024966206 0.19173420646360942 20
