1753024534708 0.7056825160980225 1
1753024557667 0.804881751537323 2
1753024578123 0.8491199016571045 3
1753024601799 0.8635810613632202 4
1753024625591 0.8730388879776001 5
1753024646478 0.8780690431594849 6
1753024670731 0.8770908713340759 7
1753024694598 0.8885129690170288 8
1753024715355 0.8938928842544556 9
1753024738903 0.9066516160964966 10
1753024762817 0.9068588614463806 11
1753024783836 0.9089207649230957 12
1753024807917 0.9106918573379517 13
1753024831814 0.9104644656181335 14
1753024852687 0.9204356670379639 15
1753024876668 0.9161609411239624 16
1753024897659 0.9196476340293884 17
1753024921485 0.9246053695678711 18
1753024945304 0.9169632196426392 19
1753024966218 0.9250259399414062 20
