1752941895885 0.8661555051803589 1
1752941905568 0.873988687992096 2
1752941915549 0.8702788949012756 3
1752941923160 0.8739400506019592 4
1752941933828 0.8712407350540161 5
1752941944485 0.8664132356643677 6
1752941952390 0.8718094825744629 7
1752941963391 0.8669202923774719 8
1752941974365 0.8753679990768433 9
1752941995523 0.877219557762146 10
1752942008651 0.8731760382652283 11
1752942024196 0.8741949796676636 12
1752942040862 0.8722561597824097 13
1752942059177 0.880476713180542 14
1752942073921 0.8723269701004028 15
1752942091340 0.8830459713935852 16
1752942109467 0.876471996307373 17
1752942131821 0.8805491924285889 18
1752942153864 0.8867083787918091 19
1752942178628 0.8845432996749878 20
1752942200115 0.8861340880393982 21
1752942221593 0.8825240135192871 22
1752942242883 0.8793551325798035 23
1752942266964 0.8788170218467712 24
1752942288126 0.8809933066368103 25
1752942309624 0.8813148736953735 26
1752942330989 0.8731086850166321 27
1752942355106 0.8804572820663452 28
1752942376225 0.882948637008667 29
1752942397264 0.874687671661377 30
