1752941895875 0.2916720388900666 1
1752941905558 0.2873057002822558 2
1752941915538 0.28134535785232273 3
1752941923148 0.28169403970241547 4
1752941933816 0.28288458642505465 5
1752941944472 0.28797147387549993 6
1752941952377 0.28417658699410303 7
1752941963376 0.2804375784028144 8
1752941974347 0.27644076836960657 9
1752941995504 0.2722690140917188 10
1752942008632 0.2781000176355952 11
1752942024171 0.27784236059302375 12
1752942040837 0.26705400823127656 13
1752942059160 0.2733186139237313 14
1752942073903 0.2803758517617271 15
1752942091323 0.26976259513979867 16
1752942109453 0.27876935721862883 17
1752942131806 0.2708351895922706 18
1752942153850 0.2583140784076282 19
1752942178613 0.27021037361451555 20
1752942200100 0.26393950766041163 21
1752942221579 0.26777949113221394 22
1752942242869 0.2662915793203172 23
1752942266949 0.26380503958179835 24
1752942288110 0.26214870384761263 25
1752942309610 0.26649456329288934 26
1752942330975 0.27908150993642356 27
1752942355091 0.2716005877369926 28
1752942376210 0.26426834400211063 29
1752942397249 0.2619628682732582 30
