1752941895880 0.8668727108410427 1
1752941905563 0.875772666363489 2
1752941915544 0.8738839285714286 3
1752941923154 0.875772666363489 4
1752941933822 0.8731684996968224 5
1752941944479 0.8657852567377544 6
1752941952384 0.87391254731587 7
1752941963384 0.8676167584600902 8
1752941974356 0.8772607616015843 9
1752941995514 0.8762019234044212 10
1752942008642 0.8735691394124713 11
1752942024185 0.8776041666666666 12
1752942040850 0.8728250917934236 13
1752942059169 0.8810096156029474 14
1752942073912 0.8713656138806116 15
1752942091331 0.8847012377920604 16
1752942109460 0.8739983978725615 17
1752942131814 0.8810096156029474 18
1752942153857 0.8869619965553284 19
1752942178621 0.8832703757853735 20
1752942200108 0.8862179489362807 21
1752942221587 0.8828697346505665 22
1752942242876 0.8828125 23
1752942266957 0.8806089758872986 24
1752942288118 0.8813816394124713 25
1752942309617 0.881753663221995 26
1752942330982 0.8735691394124713 27
1752942355099 0.8806375917934236 28
1752942376218 0.8817822805472783 29
1752942397257 0.8765167139825367 30
