1752955807341 0.5353405475616455 1
1752955844602 0.665408730506897 2
1752955879109 0.7186891436576843 3
1752955916390 0.7411041259765625 4
1752955954159 0.7541583180427551 5
1752955991631 0.7716490030288696 6
1752956026072 0.7861372232437134 7
1752956063303 0.7853116989135742 8
1752956100579 0.804247260093689 9
1752956137972 0.8099591732025146 10
1752956172592 0.8091928958892822 11
1752956209666 0.8011091947555542 12
1752956246995 0.8199210166931152 13
1752956284678 0.8166813254356384 14
1752956318854 0.8220380544662476 15
1752956355846 0.8179714679718018 16
1752956393418 0.8208767771720886 17
1752956430519 0.8207589983940125 18
1752956464444 0.82652747631073 19
1752956503887 0.8308773040771484 20
