1752955807335 0.5742330593722207 1
1752955844594 0.6808894234044212 2
1752955879103 0.7270203757853735 3
1752955916381 0.748941163221995 4
1752955954151 0.7590144234044212 5
1752955991624 0.7760989013172331 6
1752956026065 0.7865728026344663 7
1752956063296 0.7891197346505665 8
1752956100572 0.8102678571428571 9
1752956137964 0.8081788009121305 10
1752956172585 0.8103537091187069 11
1752956209658 0.8029132329282307 12
1752956246987 0.8203983519758496 13
1752956284671 0.8221726190476191 14
1752956318847 0.8226304948329926 15
1752956355837 0.8214571901730129 16
1752956393410 0.8215144234044212 17
1752956430512 0.8182234437692733 18
1752956464436 0.8300137377920604 19
1752956503880 0.8355654761904762 20
