1752955807330 0.6847103181339446 1
1752955844587 0.60094657824153 2
1752955879096 0.5554691978863308 3
1752955916370 0.522648444487935 4
1752955954143 0.4993687506232943 5
1752955991617 0.48134828891072956 6
1752956026057 0.4672944637991133 7
1752956063289 0.4526022516545795 8
1752956100565 0.43957633276780445 9
1752956137956 0.43456960079215823 10
1752956172578 0.42081883336816517 11
1752956209650 0.42070358140128 12
1752956246980 0.4114023517994654 13
1752956284664 0.4003702018942152 14
1752956318839 0.4018661500442596 15
1752956355827 0.40326004652749925 16
1752956393402 0.3938317171164921 17
1752956430505 0.3991392907642183 18
1752956464429 0.38339028046244666 19
1752956503872 0.37821113140810103 20
