1752946527145 0.5655341687656584 1
1752946550728 0.5676358597619193 2
1752946578571 0.5609442648433504 3
1752946604305 0.5585720084962391 4
1752946636997 0.5557455931391034 5
1752946665560 0.5512716457957313 6
1752946708223 0.5611906704448518 7
1752946762787 0.5635532623245603 8
1752946825575 0.5653988860902333 9
1752946887804 0.5723562155451093 10
1752946949571 0.564287645476205 11
1752947010658 0.5615675250689188 12
1752947071895 0.5703511521929786 13
1752947133542 0.5826424331892104 14
1752947196165 0.5708632894924709 15
1752947256983 0.5711145259085155 16
1752947315215 0.5534989550000146 17
1752947376231 0.5641668609210423 18
1752947437447 0.5697472180638995 19
1752947498351 0.5530109774498713 20
