1752946527150 0.5407019853591919 1
1752946550734 0.5411198735237122 2
1752946578577 0.5348635911941528 3
1752946604314 0.532681941986084 4
1752946637004 0.532258152961731 5
1752946665566 0.5217899680137634 6
1752946708230 0.5357454419136047 7
1752946762794 0.5380376577377319 8
1752946825581 0.5380797386169434 9
1752946887811 0.549757719039917 10
1752946949578 0.5375890731811523 11
1752947010665 0.5385727286338806 12
1752947071902 0.5415707230567932 13
1752947133553 0.5550724267959595 14
1752947196172 0.5460070967674255 15
1752947256990 0.5454193353652954 16
1752947315221 0.5254713296890259 17
1752947376239 0.5380797386169434 18
1752947437454 0.5443711280822754 19
1752947498359 0.5312968492507935 20
