1752946527140 0.687663285505204 1
1752946550722 0.6857012936047145 2
1752946578565 0.6857929485184806 3
1752946604295 0.686809051604498 4
1752946636989 0.6895172340529305 5
1752946665552 0.6906765614237104 6
1752946708216 0.692413208030519 7
1752946762781 0.6857517503556751 8
1752946825567 0.687603717758542 9
1752946887798 0.6858015883536566 10
1752946949565 0.6889041775748843 11
1752947010651 0.6878058257557097 12
1752947071888 0.6827597078822908 13
1752947133532 0.6812461813290914 14
1752947196158 0.6865651891345069 15
1752947256976 0.684396451427823 16
1752947315208 0.6896231316384815 17
1752947376224 0.6878078125772022 18
1752947437440 0.6857715476126898 19
1752947498344 0.6888491284279596 20
