1753023129681 0.604595925126757 1
1753023153586 0.7300251835868472 2
1753023173579 0.772378663221995 3
1753023196689 0.7794471156029474 4
1753023219675 0.8062614472139449 5
1753023239913 0.7969608519758496 6
1753023263062 0.8073775186425164 7
1753023285794 0.8166494965553284 8
1753023305755 0.81922504731587 9
1753023328566 0.8136446901730129 10
1753023348236 0.8148466121582758 11
1753023371066 0.8110405235063463 12
1753023394912 0.819253663221995 13
1753023414985 0.8259500917934236 14
1753023437709 0.8181948264439901 15
1753023460414 0.8192822805472783 16
1753023480198 0.8214858060791379 17
1753023502983 0.8141884165150779 18
1753023523427 0.8256639199597495 19
1753023546889 0.8245192312058949 20
