1753023129690 0.5854950547218323 1
1753023153592 0.723504900932312 2
1753023173585 0.7673301696777344 3
1753023196695 0.7726613283157349 4
1753023219682 0.8054191470146179 5
1753023239918 0.7947877645492554 6
1753023263068 0.806902289390564 7
1753023285801 0.8146442174911499 8
1753023305761 0.8152654767036438 9
1753023328572 0.8100064992904663 10
1753023348242 0.8159470558166504 11
1753023371072 0.8072095513343811 12
1753023394919 0.8173071146011353 13
1753023414991 0.8238067626953125 14
1753023437714 0.8195281624794006 15
1753023460420 0.8185535669326782 16
1753023480204 0.8197656273841858 17
1753023502994 0.8200647234916687 18
1753023523435 0.8282603621482849 19
1753023546895 0.8257390260696411 20
