1753023129674 0.660246403444381 1
1753023153580 0.5942703329381489 2
1753023173573 0.5529050578673681 3
1753023196683 0.5185567488272985 4
1753023219668 0.49455283156463076 5
1753023239907 0.4716617606935047 6
1753023263056 0.4601741745358422 7
1753023285787 0.45417323566618417 8
1753023305749 0.4355014491648901 9
1753023328561 0.42957992922692073 10
1753023348230 0.42453591028849286 11
1753023371058 0.42473037115165163 12
1753023394906 0.4141455313989094 13
1753023414978 0.4107899410384042 14
1753023437703 0.41368265450000763 15
1753023460408 0.41104448764097123 16
1753023480191 0.3973209034828913 17
1753023502972 0.4052759664399283 18
1753023523420 0.39387974781649454 19
1753023546883 0.39226246093000683 20
